# x
0.000000000000000000e+00
0.000000000000000000e+00
0.000000000000000000e+00
0.000000000000000000e+00
0.000000000000000000e+00
0.000000000000000000e+00
0.000000000000000000e+00
0.000000000000000000e+00
0.000000000000000000e+00
0.000000000000000000e+00
0.000000000000000000e+00
7.000000000000000000e+00
3.700000000000000000e+01
5.300000000000000000e+01
6.800000000000000000e+01
8.200000000000000000e+01
9.400000000000000000e+01
1.070000000000000000e+02
1.210000000000000000e+02
1.350000000000000000e+02
1.550000000000000000e+02
1.720000000000000000e+02
1.890000000000000000e+02
2.060000000000000000e+02
2.240000000000000000e+02
2.420000000000000000e+02
2.620000000000000000e+02
2.860000000000000000e+02
3.150000000000000000e+02
3.530000000000000000e+02
4.030000000000000000e+02
4.700000000000000000e+02
5.280000000000000000e+02
5.880000000000000000e+02
6.000000000000000000e+02
0.000000000000000000e+00
0.000000000000000000e+00
7.000000000000000000e+00
3.700000000000000000e+01
5.300000000000000000e+01
6.800000000000000000e+01
8.200000000000000000e+01
9.400000000000000000e+01
1.070000000000000000e+02
1.210000000000000000e+02
1.350000000000000000e+02
1.550000000000000000e+02
1.720000000000000000e+02
1.890000000000000000e+02
2.060000000000000000e+02
2.240000000000000000e+02
2.420000000000000000e+02
2.620000000000000000e+02
2.860000000000000000e+02
3.150000000000000000e+02
3.530000000000000000e+02
4.030000000000000000e+02
4.700000000000000000e+02
5.280000000000000000e+02
5.880000000000000000e+02
6.000000000000000000e+02
0.000000000000000000e+00
0.000000000000000000e+00
7.000000000000000000e+00
3.700000000000000000e+01
5.300000000000000000e+01
6.800000000000000000e+01
8.200000000000000000e+01
9.400000000000000000e+01
1.070000000000000000e+02
1.210000000000000000e+02
1.350000000000000000e+02
1.550000000000000000e+02
1.720000000000000000e+02
1.890000000000000000e+02
2.060000000000000000e+02
2.240000000000000000e+02
2.420000000000000000e+02
2.620000000000000000e+02
2.860000000000000000e+02
3.150000000000000000e+02
3.530000000000000000e+02
4.030000000000000000e+02
4.700000000000000000e+02
5.280000000000000000e+02
5.880000000000000000e+02
6.000000000000000000e+02
0.000000000000000000e+00
0.000000000000000000e+00
7.000000000000000000e+00
3.700000000000000000e+01
5.300000000000000000e+01
6.800000000000000000e+01
8.200000000000000000e+01
9.400000000000000000e+01
1.070000000000000000e+02
1.210000000000000000e+02
1.350000000000000000e+02
1.550000000000000000e+02
1.720000000000000000e+02
1.890000000000000000e+02
2.060000000000000000e+02
2.240000000000000000e+02
2.420000000000000000e+02
2.620000000000000000e+02
2.860000000000000000e+02
3.150000000000000000e+02
3.530000000000000000e+02
4.030000000000000000e+02
4.700000000000000000e+02
5.280000000000000000e+02
5.880000000000000000e+02
6.000000000000000000e+02
0.000000000000000000e+00
6.000000000000000000e+02
4.500000000000000000e+02
1.500000000000000000e+02
2.250000000000000000e+02
5.250000000000000000e+02
3.750000000000000000e+02
7.500000000000000000e+01
1.125000000000000000e+02
4.125000000000000000e+02
5.625000000000000000e+02
2.625000000000000000e+02
1.875000000000000000e+02
4.875000000000000000e+02
3.375000000000000000e+02
3.750000000000000000e+01
5.625000000000000000e+01
3.562500000000000000e+02
5.062500000000000000e+02
2.062500000000000000e+02
2.812500000000000000e+02
5.812500000000000000e+02
4.312500000000000000e+02
1.312500000000000000e+02
9.375000000000000000e+01
3.937500000000000000e+02
5.437500000000000000e+02
2.437500000000000000e+02
1.687500000000000000e+02
4.687500000000000000e+02
3.187500000000000000e+02
1.875000000000000000e+01
2.812500000000000000e+01
3.281250000000000000e+02
4.781250000000000000e+02
1.781250000000000000e+02
2.531250000000000000e+02
5.531250000000000000e+02
4.031250000000000000e+02
1.031250000000000000e+02
1.406250000000000000e+02
4.406250000000000000e+02
5.906250000000000000e+02
2.906250000000000000e+02
2.156250000000000000e+02
5.156250000000000000e+02
3.656250000000000000e+02
6.562500000000000000e+01
4.687500000000000000e+01
3.468750000000000000e+02
4.968750000000000000e+02
1.968750000000000000e+02
2.718750000000000000e+02
5.718750000000000000e+02
4.218750000000000000e+02
1.218750000000000000e+02
8.437500000000000000e+01
3.843750000000000000e+02
5.343750000000000000e+02
2.343750000000000000e+02
1.593750000000000000e+02
4.593750000000000000e+02
3.093750000000000000e+02
9.375000000000000000e+00
1.406250000000000000e+01
3.140625000000000000e+02
4.640625000000000000e+02
1.640625000000000000e+02
2.390625000000000000e+02
5.390625000000000000e+02
3.890625000000000000e+02
8.906250000000000000e+01
1.265625000000000000e+02
4.265625000000000000e+02
5.765625000000000000e+02
2.765625000000000000e+02
2.015625000000000000e+02
5.015625000000000000e+02
3.515625000000000000e+02
5.156250000000000000e+01
7.031250000000000000e+01
3.703125000000000000e+02
5.203125000000000000e+02
2.203125000000000000e+02
2.953125000000000000e+02
5.953125000000000000e+02
4.453125000000000000e+02
1.453125000000000000e+02
1.078125000000000000e+02
4.078125000000000000e+02
5.578125000000000000e+02
2.578125000000000000e+02
1.828125000000000000e+02
4.828125000000000000e+02
3.328125000000000000e+02
3.281250000000000000e+01
2.343750000000000000e+01
3.234375000000000000e+02
4.734375000000000000e+02
1.734375000000000000e+02
2.484375000000000000e+02
5.484375000000000000e+02
3.984375000000000000e+02
9.843750000000000000e+01
1.359375000000000000e+02
4.359375000000000000e+02
5.859375000000000000e+02
2.859375000000000000e+02
2.109375000000000000e+02
5.109375000000000000e+02
3.609375000000000000e+02
6.093750000000000000e+01
4.218750000000000000e+01
3.421875000000000000e+02
4.921875000000000000e+02
1.921875000000000000e+02
2.671875000000000000e+02
5.671875000000000000e+02
4.171875000000000000e+02
1.171875000000000000e+02
7.968750000000000000e+01
3.796875000000000000e+02
5.296875000000000000e+02
2.296875000000000000e+02
1.546875000000000000e+02
4.546875000000000000e+02
3.046875000000000000e+02
4.687500000000000000e+00
7.031250000000000000e+00
3.070312500000000000e+02
4.570312500000000000e+02
1.570312500000000000e+02
2.320312500000000000e+02
5.320312500000000000e+02
3.820312500000000000e+02
8.203125000000000000e+01
1.195312500000000000e+02
4.195312500000000000e+02
5.695312500000000000e+02
2.695312500000000000e+02
1.945312500000000000e+02
4.945312500000000000e+02
3.445312500000000000e+02
4.453125000000000000e+01
6.328125000000000000e+01
3.632812500000000000e+02
5.132812500000000000e+02
2.132812500000000000e+02
2.882812500000000000e+02
5.882812500000000000e+02
4.382812500000000000e+02
1.382812500000000000e+02
1.007812500000000000e+02
4.007812500000000000e+02
5.507812500000000000e+02
2.507812500000000000e+02
1.757812500000000000e+02
4.757812500000000000e+02
3.257812500000000000e+02
2.578125000000000000e+01
3.515625000000000000e+01
3.351562500000000000e+02
4.851562500000000000e+02
1.851562500000000000e+02
2.601562500000000000e+02
5.601562500000000000e+02
4.101562500000000000e+02
1.101562500000000000e+02
1.476562500000000000e+02
4.476562500000000000e+02
5.976562500000000000e+02
2.976562500000000000e+02
2.226562500000000000e+02
5.226562500000000000e+02
3.726562500000000000e+02
7.265625000000000000e+01
5.390625000000000000e+01
3.539062500000000000e+02
5.039062500000000000e+02
2.039062500000000000e+02
2.789062500000000000e+02
5.789062500000000000e+02
4.289062500000000000e+02
1.289062500000000000e+02
9.140625000000000000e+01
3.914062500000000000e+02
5.414062500000000000e+02
2.414062500000000000e+02
1.664062500000000000e+02
4.664062500000000000e+02
3.164062500000000000e+02
1.640625000000000000e+01
1.171875000000000000e+01
3.117187500000000000e+02
4.617187500000000000e+02
1.617187500000000000e+02
2.367187500000000000e+02
5.367187500000000000e+02
3.867187500000000000e+02
8.671875000000000000e+01
1.242187500000000000e+02
4.242187500000000000e+02
5.742187500000000000e+02
2.742187500000000000e+02
1.992187500000000000e+02
4.992187500000000000e+02
3.492187500000000000e+02
4.921875000000000000e+01
6.796875000000000000e+01
3.679687500000000000e+02
5.179687500000000000e+02
2.179687500000000000e+02
2.929687500000000000e+02
5.929687500000000000e+02
4.429687500000000000e+02
1.429687500000000000e+02
1.054687500000000000e+02
4.054687500000000000e+02
5.554687500000000000e+02
2.554687500000000000e+02
1.804687500000000000e+02
4.804687500000000000e+02
3.304687500000000000e+02
3.046875000000000000e+01
2.109375000000000000e+01
3.210937500000000000e+02
4.710937500000000000e+02
1.710937500000000000e+02
2.460937500000000000e+02
5.460937500000000000e+02
3.960937500000000000e+02
9.609375000000000000e+01
1.335937500000000000e+02
4.335937500000000000e+02
5.835937500000000000e+02
2.835937500000000000e+02
2.085937500000000000e+02
5.085937500000000000e+02
3.585937500000000000e+02
5.859375000000000000e+01
3.984375000000000000e+01
3.398437500000000000e+02
4.898437500000000000e+02
1.898437500000000000e+02
2.648437500000000000e+02
5.648437500000000000e+02
4.148437500000000000e+02
1.148437500000000000e+02
7.734375000000000000e+01
3.773437500000000000e+02
5.273437500000000000e+02
2.273437500000000000e+02
1.523437500000000000e+02
4.523437500000000000e+02
3.023437500000000000e+02
2.343750000000000000e+00
3.515625000000000000e+00
3.035156250000000000e+02
4.535156250000000000e+02
1.535156250000000000e+02
2.285156250000000000e+02
5.285156250000000000e+02
3.785156250000000000e+02
7.851562500000000000e+01
1.160156250000000000e+02
4.160156250000000000e+02
5.660156250000000000e+02
2.660156250000000000e+02
1.910156250000000000e+02
4.910156250000000000e+02
3.410156250000000000e+02
4.101562500000000000e+01
5.976562500000000000e+01
3.597656250000000000e+02
5.097656250000000000e+02
2.097656250000000000e+02
2.847656250000000000e+02
5.847656250000000000e+02
4.347656250000000000e+02
1.347656250000000000e+02
9.726562500000000000e+01
3.972656250000000000e+02
5.472656250000000000e+02
2.472656250000000000e+02
1.722656250000000000e+02
4.722656250000000000e+02
3.222656250000000000e+02
2.226562500000000000e+01
3.164062500000000000e+01
3.316406250000000000e+02
4.816406250000000000e+02
1.816406250000000000e+02
2.566406250000000000e+02
5.566406250000000000e+02
4.066406250000000000e+02
1.066406250000000000e+02
1.441406250000000000e+02
4.441406250000000000e+02
5.941406250000000000e+02
2.941406250000000000e+02
2.191406250000000000e+02
5.191406250000000000e+02
3.691406250000000000e+02
6.914062500000000000e+01
5.039062500000000000e+01
3.503906250000000000e+02
5.003906250000000000e+02
2.003906250000000000e+02
2.753906250000000000e+02
5.753906250000000000e+02
4.253906250000000000e+02
1.253906250000000000e+02
8.789062500000000000e+01
3.878906250000000000e+02
5.378906250000000000e+02
2.378906250000000000e+02
1.628906250000000000e+02
4.628906250000000000e+02
3.128906250000000000e+02
1.289062500000000000e+01
1.757812500000000000e+01
3.175781250000000000e+02
4.675781250000000000e+02
1.675781250000000000e+02
2.425781250000000000e+02
5.425781250000000000e+02
3.925781250000000000e+02
9.257812500000000000e+01
1.300781250000000000e+02
4.300781250000000000e+02
5.800781250000000000e+02
2.800781250000000000e+02
2.050781250000000000e+02
5.050781250000000000e+02
3.550781250000000000e+02
5.507812500000000000e+01
7.382812500000000000e+01
3.738281250000000000e+02
5.238281250000000000e+02
2.238281250000000000e+02
2.988281250000000000e+02
5.988281250000000000e+02
4.488281250000000000e+02
1.488281250000000000e+02
1.113281250000000000e+02
4.113281250000000000e+02
5.613281250000000000e+02
2.613281250000000000e+02
1.863281250000000000e+02
4.863281250000000000e+02
3.363281250000000000e+02
3.632812500000000000e+01
2.695312500000000000e+01
3.269531250000000000e+02
4.769531250000000000e+02
1.769531250000000000e+02
2.519531250000000000e+02
5.519531250000000000e+02
4.019531250000000000e+02
1.019531250000000000e+02
1.394531250000000000e+02
4.394531250000000000e+02
5.894531250000000000e+02
2.894531250000000000e+02
2.144531250000000000e+02
5.144531250000000000e+02
3.644531250000000000e+02
6.445312500000000000e+01
4.570312500000000000e+01
3.457031250000000000e+02
4.957031250000000000e+02
1.957031250000000000e+02
2.707031250000000000e+02
5.707031250000000000e+02
4.207031250000000000e+02
1.207031250000000000e+02
8.320312500000000000e+01
3.832031250000000000e+02
5.332031250000000000e+02
2.332031250000000000e+02
1.582031250000000000e+02
4.582031250000000000e+02
3.082031250000000000e+02
8.203125000000000000e+00
5.859375000000000000e+00
3.058593750000000000e+02
4.558593750000000000e+02
1.558593750000000000e+02
2.308593750000000000e+02
5.308593750000000000e+02
3.808593750000000000e+02
8.085937500000000000e+01
1.183593750000000000e+02
4.183593750000000000e+02
5.683593750000000000e+02
2.683593750000000000e+02
1.933593750000000000e+02
4.933593750000000000e+02
3.433593750000000000e+02
4.335937500000000000e+01
6.210937500000000000e+01
3.621093750000000000e+02
