0 1
1 1
2 1
3 2
4 3
5 5
6 5
7 5
8 5
9 6
10 7
11 8
12 11
13 11
14 11
15 12
16 12
17 12
18 12
19 12
20 13
21 13
22 14
23 15
24 15
25 15
26 15
27 25
28 25
29 25
30 27
31 30
32 30
33 30
34 43
35 45
36 60
37 60
38 65
39 70
40 88
41 104
42 125
43 161
44 228
45 311
46 428
47 547
48 748
49 1018
50 1263
51 1668
52 2224
53 2898
54 3600
55 4507
56 5906
57 8350
58 12393
59 18012
60 24528
61 33073
62 43505
63 53938
64 68572
65 85570
66 102900
67 123966
68 142486
69 163955
70 188461
71 215391
72 245108
73 277426
74 312525
75 338141
76 369057
77 399394
78 431214
79 465913
80 499386
81 531106
82 558249
83 584018
84 610709
85 640742
86 672355
87 703864
88 732262
89 757596
90 784991
91 810505
92 839336
93 873112
94 909853
95 944261
96 970996
97 994193
98 1018844
99 1045399
100 1075756
101 1109726
102 1139200
103 1165340
104 1187302
105 1211011
106 1235517
107 1263995
108 1291643
109 1316511
110 1336828
111 1354449
112 1376749
113 1397894
114 1424856
115 1451093
116 1474752
117 1493766
118 1515593
119 1536570
120 1559640
121 1585373
122 1609172
123 1631440
124 1651471
125 1670571
126 1689467
127 1708211
128 1730723
129 1755271
130 1778668
131 1799302
132 1821199
133 1841990
134 1861977
135 1883593
136 1912302
137 1934818
138 1953434
139 1971641
140 1990446
141 2013298
142 2036500
143 2061993
144 2087327
145 2106457
146 2126574
147 2151459
148 2177114
149 2205173
150 2236009
151 2268034
152 2294413
153 2324879
154 2359939
155 2396928
156 2438101
157 2483629
158 2525928
159 2565436
160 2604932
161 2653321
162 2703296
163 2758855
164 2816009
165 2866015
166 2910782
167 2958098
168 3012182
169 3071637
170 3131526
171 3199753
172 3260474
173 3318279
174 3379846
175 3445448
176 3513790
177 3589477
178 3660400
179 3722851
180 3785126
181 3845014
182 3910291
183 3980030
184 4050036
185 4123561
186 4190337
187 4244554
188 4303735
189 4366851
190 4433633
191 4502581
192 4571669
193 4628497
194 4679291
195 4726775
196 4780324
197 4834047
198 4891561
199 4952718
200 5007958
201 5056438
202 5103611
203 5156968
204 5211246
205 5265307
206 5324784
207 5375527
208 5417664
209 5455187
210 5498420
211 5541433
212 5587462
213 5636491
214 5681517
215 5713850
216 5754254
217 5793437
218 5838756
219 5884368
220 5930932
221 5975541
222 6008970
223 6045457
224 6089506
225 6121950
226 6168347
227 6220448
228 6262701
229 6292699
230 6317865
231 6346807
232 6380139
233 6418200
234 6465767
235 6504871
236 6538214
237 6575101
238 6614318
239 6653586
240 6698896
241 6747783
242 6789594
243 6825950
244 6880902
245 6918293
246 6959842
247 7005046
248 7059627
249 7102322
250 7139620
251 7176980
252 7220677
253 7262735
254 7309153
255 7362733
256 7410512
257 7445575
258 7507988
259 7550850
260 7603867
261 7660249
262 7719211
263 7770859
264 7815642
265 7863658
266 7918051
267 7977904
268 8043257
269 8113721
270 8166482
271 8214364
272 8279804
273 8340398
274 8404635
275 8479765
276 8565062
277 8643641
278 8703356
279 8777994
280 8852381
281 8934263
282 9024932
283 9124800
284 9209007
285 9283202
286 9377208
287 9469624
288 9577702
289 9699051
290 9831874
291 9957805
292 10061218
293 10191667
294 10331417
295 10474295
296 10637946
297 10819442
298 10978475
299 11113661
300 11280224
301 11441855
302 11614135
303 11801643
304 12000502
305 12172435
306 12313229
307 12492852
308 12670710
309 12851300
310 12954294
311 13160133
312 13311541
313 13447663
314 13615321
315 13799549
316 14000721
317 14218459
318 14449827
319 14655535
320 14827456
321 15031979
322 15251693
323 15471409
324 15696634
325 15977147
326 16184679
327 16368898
328 16569783
329 16772936
330 17017763
331 17255472
332 17506662
333 17700567
334 17880478
335 18081996
336 18283633
337 18511396
338 18704907
339 18805838
340 19022699
341 19174788
342 19363798
343 19564828
344 19793777
345 20024801
346 20172049
347 20463659
348 20665439
349 20917269
350 21152285
351 21408251
352 21688585
353 21989362
354 22241281
355 22449576
356 22675892
357 22905869
358 23135194
359 23374716
360 23614569
361 23816762
362 23986856
363 24127989
364 24314933
365 24500421
366 24690903
367 24882468
368 25050385
369 25180061
370 25336637
371 25487275
372 25643045
373 25809220
374 25973835
375 26107635
376 26221430
377 26363284
378 26478540
379 26598723
380 26724359
381 26853860
382 26958807
383 27046088
384 27139070
385 27235460
386 27330435
387 27436075
388 27535702
389 27620354
390 27684134
391 27739406
392 27803946
393 27874107
394 27945898
395 28023910
396 28093630
397 28148810
398 28208276
399 28280189
400 28354383
401 28432264
402 28510582
403 28573256
404 28624161
405 28680857
406 28738501
407 28805113
408 28872395
409 28938090
410 28994675
411 29034739
412 29129252
413 29185151
414 29243346
415 29305733
416 29369899
417 29419456
418 29457445
419 29514609
420 29569140
421 29628071
422 29688541
423 29749164
424 29803589
425 29837782
426 29892498
427 29949244
428 30029147
429 30098263
430 30172762
431 30233462
432 30277977
433 30348716
434 30410950
435 30478886
436 30556079
437 30624668
438 30688804
439 30725627
440 30802221
441 30864193
442 30937283
443 31017741
444 31099323
445 31164081
446 31212058
447 31283990
448 31361311
449 31437061
450 31510755
451 31589109
452 31642983
453 31684382
454 31754642
455 31815666
456 31878161
457 31944402
458 32008186
459 32058654
460 32092245
461 32139580
462 32191457
463 32246275
464 32303857
465 32362374
466 32407133
467 32436765
468 32486709
469 32527664
470 32572383
471 32620077
472 32667570
473 32701236
474 32723564
475 32760121
476 32794162
477 32829645
478 32868084
479 32909065
480 32938115
481 32954825
482 32984032
483 33011895
484 33040689
485 33070307
486 33099318
487 33117634
488 33131784
489 33157412
490 33180250
491 33203636
492 33231383
493 33253407
494 33264967
495 33272409
496 33277912
497 33300482
498 33317340
499 33336811
500 33312812
501 33323260
502 33329413
503 33348865
504 33363050
505 33383714
506 33399513
507 33416340
508 33424619
509 33431406
510 33446525
511 33458397
512 33472808
513 33484995
514 33497695
515 33505275
516 33509338
517 33525182
518 33537943
519 33551974
520 33566669
521 33581632
522 33588423
523 33592510
524 33608058
525 33623787
526 33639764
527 33704723
