--------------------------
[[0.        ]
 [0.01071738]
 [0.06430429]
 [0.1226244 ]
 [0.20389738]
 [0.2774039 ]
 [0.36605932]
 [0.46484636]
 [0.57747023]
 [0.74410941]
 [0.87815709]
 [1.01220478]
 [1.15004686]
 [1.28280759]
 [1.42510765]
 [1.58172756]
 [1.75397377]
 [1.89764233]
 [2.04923335]
 [2.18795955]
 [2.37650218]
 [2.53747737]
 [2.69922368]
 [2.86424061]
 [3.        ]]
--------------------------
[[-8.          7.         27.        ]
 [-6.43173669  7.79759441 25.67505643]
 [-0.18252838  8.79152601 20.99658492]
 [ 3.57229135  7.8080735  18.84537886]
 [ 5.36627     6.04992857 17.53854034]
 [ 5.35148452  4.86286885 16.37038521]
 [ 4.80410766  4.21204751 14.7105038 ]
 [ 4.43677847  4.32840418 12.97581442]
 [ 4.67479693  5.19409195 11.68338672]
 [ 6.10611558  7.17187101 12.03234314]
 [ 7.31176996  7.84794249 14.31934288]
 [ 7.19516841  6.50968885 16.07157003]
 [ 5.8841517   4.90853799 15.33987161]
 [ 4.98045591  4.66005794 13.55172674]
 [ 5.07979114  5.50379208 12.22259948]
 [ 6.13917344  6.9487189  12.56718792]
 [ 7.12620686  7.25485305 14.78184719]
 [ 6.64255444  5.94601342 15.58157268]
 [ 5.56305455  5.00705484 14.43028767]
 [ 5.20087412  5.24738741 13.07585151]
 [ 5.91620229  6.51374294 12.72609034]
 [ 6.7730354   7.09368059 14.11026311]
 [ 6.66760163  6.24642224 15.19672982]
 [ 5.79518366  5.32118749 14.49148477]
 [ 5.43023844  5.39174263 13.43834563]]
