# x, y
0.000000000000000000e+00 1.000000000000000000e+00
1.000000000000000000e+00 1.000000000000000000e+00
2.000000000000000000e+00 1.000000000000000000e+00
3.000000000000000000e+00 2.000000000000000000e+00
4.000000000000000000e+00 3.000000000000000000e+00
5.000000000000000000e+00 5.000000000000000000e+00
6.000000000000000000e+00 5.000000000000000000e+00
7.000000000000000000e+00 5.000000000000000000e+00
8.000000000000000000e+00 5.000000000000000000e+00
9.000000000000000000e+00 6.000000000000000000e+00
1.000000000000000000e+01 7.000000000000000000e+00
1.100000000000000000e+01 8.000000000000000000e+00
1.200000000000000000e+01 1.100000000000000000e+01
1.300000000000000000e+01 1.100000000000000000e+01
1.400000000000000000e+01 1.100000000000000000e+01
1.500000000000000000e+01 1.200000000000000000e+01
1.600000000000000000e+01 1.200000000000000000e+01
1.700000000000000000e+01 1.200000000000000000e+01
1.800000000000000000e+01 1.200000000000000000e+01
1.900000000000000000e+01 1.200000000000000000e+01
2.000000000000000000e+01 1.300000000000000000e+01
2.100000000000000000e+01 1.300000000000000000e+01
2.200000000000000000e+01 1.400000000000000000e+01
2.300000000000000000e+01 1.500000000000000000e+01
2.400000000000000000e+01 1.500000000000000000e+01
2.500000000000000000e+01 1.500000000000000000e+01
2.600000000000000000e+01 1.500000000000000000e+01
2.700000000000000000e+01 2.500000000000000000e+01
2.800000000000000000e+01 2.500000000000000000e+01
2.900000000000000000e+01 2.500000000000000000e+01
3.000000000000000000e+01 2.700000000000000000e+01
3.100000000000000000e+01 3.000000000000000000e+01
3.200000000000000000e+01 3.000000000000000000e+01
3.300000000000000000e+01 3.000000000000000000e+01
3.400000000000000000e+01 4.300000000000000000e+01
3.500000000000000000e+01 4.500000000000000000e+01
3.600000000000000000e+01 6.000000000000000000e+01
3.700000000000000000e+01 6.000000000000000000e+01
3.800000000000000000e+01 6.500000000000000000e+01
3.900000000000000000e+01 7.000000000000000000e+01
4.000000000000000000e+01 8.800000000000000000e+01
4.100000000000000000e+01 1.040000000000000000e+02
4.200000000000000000e+01 1.250000000000000000e+02
4.300000000000000000e+01 1.610000000000000000e+02
4.400000000000000000e+01 2.280000000000000000e+02
4.500000000000000000e+01 3.110000000000000000e+02
4.600000000000000000e+01 4.280000000000000000e+02
4.700000000000000000e+01 5.470000000000000000e+02
4.800000000000000000e+01 7.480000000000000000e+02
4.900000000000000000e+01 1.018000000000000000e+03
5.000000000000000000e+01 1.263000000000000000e+03
5.100000000000000000e+01 1.668000000000000000e+03
5.200000000000000000e+01 2.224000000000000000e+03
5.300000000000000000e+01 2.898000000000000000e+03
5.400000000000000000e+01 3.600000000000000000e+03
5.500000000000000000e+01 4.507000000000000000e+03
5.600000000000000000e+01 5.906000000000000000e+03
5.700000000000000000e+01 8.350000000000000000e+03
5.800000000000000000e+01 1.239300000000000000e+04
5.900000000000000000e+01 1.801200000000000000e+04
6.000000000000000000e+01 2.452800000000000000e+04
6.100000000000000000e+01 3.307300000000000000e+04
6.200000000000000000e+01 4.350500000000000000e+04
6.300000000000000000e+01 5.393800000000000000e+04
6.400000000000000000e+01 6.857200000000000000e+04
6.500000000000000000e+01 8.557000000000000000e+04
6.600000000000000000e+01 1.029000000000000000e+05
6.700000000000000000e+01 1.239660000000000000e+05
6.800000000000000000e+01 1.424860000000000000e+05
6.900000000000000000e+01 1.639550000000000000e+05
7.000000000000000000e+01 1.884610000000000000e+05
7.100000000000000000e+01 2.153910000000000000e+05
7.200000000000000000e+01 2.451080000000000000e+05
7.300000000000000000e+01 2.774260000000000000e+05
7.400000000000000000e+01 3.125250000000000000e+05
7.500000000000000000e+01 3.381410000000000000e+05
7.600000000000000000e+01 3.690570000000000000e+05
7.700000000000000000e+01 3.993940000000000000e+05
7.800000000000000000e+01 4.312140000000000000e+05
7.900000000000000000e+01 4.659130000000000000e+05
8.000000000000000000e+01 4.993860000000000000e+05
8.100000000000000000e+01 5.311060000000000000e+05
8.200000000000000000e+01 5.582490000000000000e+05
8.300000000000000000e+01 5.840180000000000000e+05
8.400000000000000000e+01 6.107090000000000000e+05
8.500000000000000000e+01 6.407420000000000000e+05
8.600000000000000000e+01 6.723550000000000000e+05
8.700000000000000000e+01 7.038640000000000000e+05
8.800000000000000000e+01 7.322620000000000000e+05
8.900000000000000000e+01 7.575960000000000000e+05
9.000000000000000000e+01 7.849910000000000000e+05
9.100000000000000000e+01 8.105050000000000000e+05
9.200000000000000000e+01 8.393360000000000000e+05
9.300000000000000000e+01 8.731120000000000000e+05
9.400000000000000000e+01 9.098530000000000000e+05
9.500000000000000000e+01 9.442610000000000000e+05
9.600000000000000000e+01 9.709960000000000000e+05
9.700000000000000000e+01 9.941930000000000000e+05
9.800000000000000000e+01 1.018844000000000000e+06
9.900000000000000000e+01 1.045399000000000000e+06
1.000000000000000000e+02 1.075756000000000000e+06
1.010000000000000000e+02 1.109726000000000000e+06
1.020000000000000000e+02 1.139200000000000000e+06
1.030000000000000000e+02 1.165340000000000000e+06
1.040000000000000000e+02 1.187302000000000000e+06
1.050000000000000000e+02 1.211011000000000000e+06
1.060000000000000000e+02 1.235517000000000000e+06
1.070000000000000000e+02 1.263995000000000000e+06
1.080000000000000000e+02 1.291643000000000000e+06
1.090000000000000000e+02 1.316511000000000000e+06
1.100000000000000000e+02 1.336828000000000000e+06
1.110000000000000000e+02 1.354449000000000000e+06
1.120000000000000000e+02 1.376749000000000000e+06
1.130000000000000000e+02 1.397894000000000000e+06
1.140000000000000000e+02 1.424856000000000000e+06
1.150000000000000000e+02 1.451093000000000000e+06
1.160000000000000000e+02 1.474752000000000000e+06
1.170000000000000000e+02 1.493766000000000000e+06
1.180000000000000000e+02 1.515593000000000000e+06
1.190000000000000000e+02 1.536570000000000000e+06
1.200000000000000000e+02 1.559640000000000000e+06
1.210000000000000000e+02 1.585373000000000000e+06
1.220000000000000000e+02 1.609172000000000000e+06
1.230000000000000000e+02 1.631440000000000000e+06
1.240000000000000000e+02 1.651471000000000000e+06
1.250000000000000000e+02 1.670571000000000000e+06
1.260000000000000000e+02 1.689467000000000000e+06
1.270000000000000000e+02 1.708211000000000000e+06
1.280000000000000000e+02 1.730723000000000000e+06
1.290000000000000000e+02 1.755271000000000000e+06
1.300000000000000000e+02 1.778668000000000000e+06
1.310000000000000000e+02 1.799302000000000000e+06
1.320000000000000000e+02 1.821199000000000000e+06
1.330000000000000000e+02 1.841990000000000000e+06
1.340000000000000000e+02 1.861977000000000000e+06
1.350000000000000000e+02 1.883593000000000000e+06
1.360000000000000000e+02 1.912302000000000000e+06
1.370000000000000000e+02 1.934818000000000000e+06
1.380000000000000000e+02 1.953434000000000000e+06
1.390000000000000000e+02 1.971641000000000000e+06
1.400000000000000000e+02 1.990446000000000000e+06
1.410000000000000000e+02 2.013298000000000000e+06
1.420000000000000000e+02 2.036500000000000000e+06
1.430000000000000000e+02 2.061993000000000000e+06
1.440000000000000000e+02 2.087327000000000000e+06
1.450000000000000000e+02 2.106457000000000000e+06
1.460000000000000000e+02 2.126574000000000000e+06
1.470000000000000000e+02 2.151459000000000000e+06
1.480000000000000000e+02 2.177114000000000000e+06
1.490000000000000000e+02 2.205173000000000000e+06
1.500000000000000000e+02 2.236009000000000000e+06
1.510000000000000000e+02 2.268034000000000000e+06
1.520000000000000000e+02 2.294413000000000000e+06
1.530000000000000000e+02 2.324879000000000000e+06
1.540000000000000000e+02 2.359939000000000000e+06
1.550000000000000000e+02 2.396928000000000000e+06
1.560000000000000000e+02 2.438101000000000000e+06
1.570000000000000000e+02 2.483629000000000000e+06
1.580000000000000000e+02 2.525928000000000000e+06
1.590000000000000000e+02 2.565436000000000000e+06
1.600000000000000000e+02 2.604932000000000000e+06
1.610000000000000000e+02 2.653321000000000000e+06
1.620000000000000000e+02 2.703296000000000000e+06
1.630000000000000000e+02 2.758855000000000000e+06
1.640000000000000000e+02 2.816009000000000000e+06
1.650000000000000000e+02 2.866015000000000000e+06
1.660000000000000000e+02 2.910782000000000000e+06
1.670000000000000000e+02 2.958098000000000000e+06
1.680000000000000000e+02 3.012182000000000000e+06
1.690000000000000000e+02 3.071637000000000000e+06
1.700000000000000000e+02 3.131526000000000000e+06
1.710000000000000000e+02 3.199753000000000000e+06
1.720000000000000000e+02 3.260474000000000000e+06
1.730000000000000000e+02 3.318279000000000000e+06
1.740000000000000000e+02 3.379846000000000000e+06
1.750000000000000000e+02 3.445448000000000000e+06
1.760000000000000000e+02 3.513790000000000000e+06
1.770000000000000000e+02 3.589477000000000000e+06
1.780000000000000000e+02 3.660400000000000000e+06
1.790000000000000000e+02 3.722851000000000000e+06
1.800000000000000000e+02 3.785126000000000000e+06
1.810000000000000000e+02 3.845014000000000000e+06
1.820000000000000000e+02 3.910291000000000000e+06
1.830000000000000000e+02 3.980030000000000000e+06
1.840000000000000000e+02 4.050036000000000000e+06
1.850000000000000000e+02 4.123561000000000000e+06
1.860000000000000000e+02 4.190337000000000000e+06
1.870000000000000000e+02 4.244554000000000000e+06
1.880000000000000000e+02 4.303735000000000000e+06
1.890000000000000000e+02 4.366851000000000000e+06
1.900000000000000000e+02 4.433633000000000000e+06
1.910000000000000000e+02 4.502581000000000000e+06
1.920000000000000000e+02 4.571669000000000000e+06
1.930000000000000000e+02 4.628497000000000000e+06
1.940000000000000000e+02 4.679291000000000000e+06
1.950000000000000000e+02 4.726775000000000000e+06
1.960000000000000000e+02 4.780324000000000000e+06
1.970000000000000000e+02 4.834047000000000000e+06
1.980000000000000000e+02 4.891561000000000000e+06
1.990000000000000000e+02 4.952718000000000000e+06
2.000000000000000000e+02 5.007958000000000000e+06
2.010000000000000000e+02 5.056438000000000000e+06
2.020000000000000000e+02 5.103611000000000000e+06
2.030000000000000000e+02 5.156968000000000000e+06
2.040000000000000000e+02 5.211246000000000000e+06
2.050000000000000000e+02 5.265307000000000000e+06
2.060000000000000000e+02 5.324784000000000000e+06
2.070000000000000000e+02 5.375527000000000000e+06
2.080000000000000000e+02 5.417664000000000000e+06
2.090000000000000000e+02 5.455187000000000000e+06
2.100000000000000000e+02 5.498420000000000000e+06
2.110000000000000000e+02 5.541433000000000000e+06
2.120000000000000000e+02 5.587462000000000000e+06
2.130000000000000000e+02 5.636491000000000000e+06
2.140000000000000000e+02 5.681517000000000000e+06
2.150000000000000000e+02 5.713850000000000000e+06
2.160000000000000000e+02 5.754254000000000000e+06
2.170000000000000000e+02 5.793437000000000000e+06
2.180000000000000000e+02 5.838756000000000000e+06
2.190000000000000000e+02 5.884368000000000000e+06
2.200000000000000000e+02 5.930932000000000000e+06
2.210000000000000000e+02 5.975541000000000000e+06
2.220000000000000000e+02 6.008970000000000000e+06
2.230000000000000000e+02 6.045457000000000000e+06
2.240000000000000000e+02 6.089506000000000000e+06
2.250000000000000000e+02 6.121950000000000000e+06
2.260000000000000000e+02 6.168347000000000000e+06
2.270000000000000000e+02 6.220448000000000000e+06
2.280000000000000000e+02 6.262701000000000000e+06
2.290000000000000000e+02 6.292699000000000000e+06
2.300000000000000000e+02 6.317865000000000000e+06
2.310000000000000000e+02 6.346807000000000000e+06
2.320000000000000000e+02 6.380139000000000000e+06
2.330000000000000000e+02 6.418200000000000000e+06
2.340000000000000000e+02 6.465767000000000000e+06
2.350000000000000000e+02 6.504871000000000000e+06
2.360000000000000000e+02 6.538214000000000000e+06
2.370000000000000000e+02 6.575101000000000000e+06
2.380000000000000000e+02 6.614318000000000000e+06
2.390000000000000000e+02 6.653586000000000000e+06
2.400000000000000000e+02 6.698896000000000000e+06
2.410000000000000000e+02 6.747783000000000000e+06
2.420000000000000000e+02 6.789594000000000000e+06
2.430000000000000000e+02 6.825950000000000000e+06
2.440000000000000000e+02 6.880902000000000000e+06
2.450000000000000000e+02 6.918293000000000000e+06
2.460000000000000000e+02 6.959842000000000000e+06
2.470000000000000000e+02 7.005046000000000000e+06
2.480000000000000000e+02 7.059627000000000000e+06
2.490000000000000000e+02 7.102322000000000000e+06
2.500000000000000000e+02 7.139620000000000000e+06
2.510000000000000000e+02 7.176980000000000000e+06
2.520000000000000000e+02 7.220677000000000000e+06
2.530000000000000000e+02 7.262735000000000000e+06
2.540000000000000000e+02 7.309153000000000000e+06
2.550000000000000000e+02 7.362733000000000000e+06
2.560000000000000000e+02 7.410512000000000000e+06
2.570000000000000000e+02 7.445575000000000000e+06
2.580000000000000000e+02 7.507988000000000000e+06
2.590000000000000000e+02 7.550850000000000000e+06
2.600000000000000000e+02 7.603867000000000000e+06
2.610000000000000000e+02 7.660249000000000000e+06
2.620000000000000000e+02 7.719211000000000000e+06
2.630000000000000000e+02 7.770859000000000000e+06
2.640000000000000000e+02 7.815642000000000000e+06
2.650000000000000000e+02 7.863658000000000000e+06
2.660000000000000000e+02 7.918051000000000000e+06
2.670000000000000000e+02 7.977904000000000000e+06
2.680000000000000000e+02 8.043257000000000000e+06
2.690000000000000000e+02 8.113721000000000000e+06
2.700000000000000000e+02 8.166482000000000000e+06
2.710000000000000000e+02 8.214364000000000000e+06
2.720000000000000000e+02 8.279804000000000000e+06
2.730000000000000000e+02 8.340398000000000000e+06
2.740000000000000000e+02 8.404635000000000000e+06
2.750000000000000000e+02 8.479765000000000000e+06
2.760000000000000000e+02 8.565062000000000000e+06
2.770000000000000000e+02 8.643641000000000000e+06
2.780000000000000000e+02 8.703356000000000000e+06
2.790000000000000000e+02 8.777994000000000000e+06
2.800000000000000000e+02 8.852381000000000000e+06
2.810000000000000000e+02 8.934263000000000000e+06
2.820000000000000000e+02 9.024932000000000000e+06
2.830000000000000000e+02 9.124800000000000000e+06
2.840000000000000000e+02 9.209007000000000000e+06
2.850000000000000000e+02 9.283202000000000000e+06
2.860000000000000000e+02 9.377208000000000000e+06
2.870000000000000000e+02 9.469624000000000000e+06
2.880000000000000000e+02 9.577702000000000000e+06
2.890000000000000000e+02 9.699051000000000000e+06
2.900000000000000000e+02 9.831874000000000000e+06
2.910000000000000000e+02 9.957805000000000000e+06
2.920000000000000000e+02 1.006121800000000000e+07
2.930000000000000000e+02 1.019166700000000000e+07
2.940000000000000000e+02 1.033141700000000000e+07
2.950000000000000000e+02 1.047429500000000000e+07
2.960000000000000000e+02 1.063794600000000000e+07
2.970000000000000000e+02 1.081944200000000000e+07
2.980000000000000000e+02 1.097847500000000000e+07
2.990000000000000000e+02 1.111366100000000000e+07
3.000000000000000000e+02 1.128022400000000000e+07
3.010000000000000000e+02 1.144185500000000000e+07
3.020000000000000000e+02 1.161413500000000000e+07
3.030000000000000000e+02 1.180164300000000000e+07
3.040000000000000000e+02 1.200050200000000000e+07
3.050000000000000000e+02 1.217243500000000000e+07
3.060000000000000000e+02 1.231322900000000000e+07
3.070000000000000000e+02 1.249285200000000000e+07
3.080000000000000000e+02 1.267071000000000000e+07
3.090000000000000000e+02 1.285130000000000000e+07
3.100000000000000000e+02 1.295429400000000000e+07
3.110000000000000000e+02 1.316013300000000000e+07
3.120000000000000000e+02 1.331154100000000000e+07
3.130000000000000000e+02 1.344766300000000000e+07
3.140000000000000000e+02 1.361532100000000000e+07
3.150000000000000000e+02 1.379954900000000000e+07
3.160000000000000000e+02 1.400072100000000000e+07
3.170000000000000000e+02 1.421845900000000000e+07
3.180000000000000000e+02 1.444982700000000000e+07
3.190000000000000000e+02 1.465553500000000000e+07
3.200000000000000000e+02 1.482745600000000000e+07
3.210000000000000000e+02 1.503197900000000000e+07
3.220000000000000000e+02 1.525169300000000000e+07
3.230000000000000000e+02 1.547140900000000000e+07
3.240000000000000000e+02 1.569663400000000000e+07
3.250000000000000000e+02 1.597714700000000000e+07
3.260000000000000000e+02 1.618467900000000000e+07
3.270000000000000000e+02 1.636889800000000000e+07
3.280000000000000000e+02 1.656978300000000000e+07
3.290000000000000000e+02 1.677293600000000000e+07
3.300000000000000000e+02 1.701776400000000000e+07
3.310000000000000000e+02 1.725547200000000000e+07
3.320000000000000000e+02 1.750666200000000000e+07
3.330000000000000000e+02 1.770056800000000000e+07
3.340000000000000000e+02 1.788047800000000000e+07
3.350000000000000000e+02 1.808199600000000000e+07
3.360000000000000000e+02 1.828363200000000000e+07
3.370000000000000000e+02 1.851139600000000000e+07
3.380000000000000000e+02 1.870490800000000000e+07
3.390000000000000000e+02 1.880583800000000000e+07
3.400000000000000000e+02 1.902270000000000000e+07
3.410000000000000000e+02 1.917478800000000000e+07
3.420000000000000000e+02 1.936379800000000000e+07
3.430000000000000000e+02 1.956482800000000000e+07
3.440000000000000000e+02 1.979377600000000000e+07
3.450000000000000000e+02 2.002480000000000000e+07
3.460000000000000000e+02 2.017204800000000000e+07
3.470000000000000000e+02 2.046366000000000000e+07
3.480000000000000000e+02 2.066544000000000000e+07
3.490000000000000000e+02 2.091726800000000000e+07
3.500000000000000000e+02 2.115228400000000000e+07
3.510000000000000000e+02 2.140825200000000000e+07
3.520000000000000000e+02 2.168858400000000000e+07
3.530000000000000000e+02 2.198936200000000000e+07
3.540000000000000000e+02 2.224128000000000000e+07
3.550000000000000000e+02 2.244957600000000000e+07
3.560000000000000000e+02 2.267589200000000000e+07
3.570000000000000000e+02 2.290586800000000000e+07
3.580000000000000000e+02 2.313519400000000000e+07
3.590000000000000000e+02 2.337471600000000000e+07
3.600000000000000000e+02 2.361456800000000000e+07
3.610000000000000000e+02 2.381676200000000000e+07
3.620000000000000000e+02 2.398685600000000000e+07
3.630000000000000000e+02 2.412798800000000000e+07
3.640000000000000000e+02 2.431493200000000000e+07
3.650000000000000000e+02 2.450042000000000000e+07
3.660000000000000000e+02 2.469090400000000000e+07
3.670000000000000000e+02 2.488246800000000000e+07
3.680000000000000000e+02 2.505038400000000000e+07
3.690000000000000000e+02 2.518006000000000000e+07
3.700000000000000000e+02 2.533663600000000000e+07
3.710000000000000000e+02 2.548727600000000000e+07
3.720000000000000000e+02 2.564304400000000000e+07
3.730000000000000000e+02 2.580922000000000000e+07
3.740000000000000000e+02 2.597383600000000000e+07
3.750000000000000000e+02 2.610763600000000000e+07
3.760000000000000000e+02 2.622143000000000000e+07
3.770000000000000000e+02 2.636328400000000000e+07
3.780000000000000000e+02 2.647854000000000000e+07
3.790000000000000000e+02 2.659872400000000000e+07
3.800000000000000000e+02 2.672436000000000000e+07
3.810000000000000000e+02 2.685386000000000000e+07
3.820000000000000000e+02 2.695880800000000000e+07
3.830000000000000000e+02 2.704608800000000000e+07
3.840000000000000000e+02 2.713907000000000000e+07
3.850000000000000000e+02 2.723546000000000000e+07
3.860000000000000000e+02 2.733043600000000000e+07
3.870000000000000000e+02 2.743607600000000000e+07
3.880000000000000000e+02 2.753570200000000000e+07
3.890000000000000000e+02 2.762035400000000000e+07
3.900000000000000000e+02 2.768413400000000000e+07
3.910000000000000000e+02 2.773940600000000000e+07
3.920000000000000000e+02 2.780394600000000000e+07
3.930000000000000000e+02 2.787410800000000000e+07
3.940000000000000000e+02 2.794589800000000000e+07
3.950000000000000000e+02 2.802391000000000000e+07
3.960000000000000000e+02 2.809363000000000000e+07
3.970000000000000000e+02 2.814881000000000000e+07
3.980000000000000000e+02 2.820827600000000000e+07
3.990000000000000000e+02 2.828018800000000000e+07
4.000000000000000000e+02 2.835438400000000000e+07
4.010000000000000000e+02 2.843226400000000000e+07
4.020000000000000000e+02 2.851058200000000000e+07
4.030000000000000000e+02 2.857325600000000000e+07
4.040000000000000000e+02 2.862416000000000000e+07
4.050000000000000000e+02 2.868085600000000000e+07
4.060000000000000000e+02 2.873850000000000000e+07
4.070000000000000000e+02 2.880511200000000000e+07
4.080000000000000000e+02 2.887239600000000000e+07
4.090000000000000000e+02 2.893809000000000000e+07
4.100000000000000000e+02 2.899467600000000000e+07
4.110000000000000000e+02 2.903474000000000000e+07
4.120000000000000000e+02 2.912925200000000000e+07
4.130000000000000000e+02 2.918515200000000000e+07
4.140000000000000000e+02 2.924334600000000000e+07
4.150000000000000000e+02 2.930573200000000000e+07
4.160000000000000000e+02 2.936990000000000000e+07
4.170000000000000000e+02 2.941945600000000000e+07
4.180000000000000000e+02 2.945744400000000000e+07
4.190000000000000000e+02 2.951460800000000000e+07
4.200000000000000000e+02 2.956914000000000000e+07
4.210000000000000000e+02 2.962807200000000000e+07
4.220000000000000000e+02 2.968854000000000000e+07
4.230000000000000000e+02 2.974916400000000000e+07
4.240000000000000000e+02 2.980358800000000000e+07
4.250000000000000000e+02 2.983778200000000000e+07
4.260000000000000000e+02 2.989249800000000000e+07
4.270000000000000000e+02 2.994924400000000000e+07
4.280000000000000000e+02 3.002914800000000000e+07
4.290000000000000000e+02 3.009826400000000000e+07
4.300000000000000000e+02 3.017276200000000000e+07
4.310000000000000000e+02 3.023346200000000000e+07
4.320000000000000000e+02 3.027797600000000000e+07
4.330000000000000000e+02 3.034871600000000000e+07
4.340000000000000000e+02 3.041095000000000000e+07
4.350000000000000000e+02 3.047888600000000000e+07
4.360000000000000000e+02 3.055608000000000000e+07
4.370000000000000000e+02 3.062466800000000000e+07
4.380000000000000000e+02 3.068880400000000000e+07
4.390000000000000000e+02 3.072562800000000000e+07
4.400000000000000000e+02 3.080222000000000000e+07
4.410000000000000000e+02 3.086419200000000000e+07
4.420000000000000000e+02 3.093728400000000000e+07
4.430000000000000000e+02 3.101774000000000000e+07
4.440000000000000000e+02 3.109932400000000000e+07
4.450000000000000000e+02 3.116408000000000000e+07
4.460000000000000000e+02 3.121205800000000000e+07
4.470000000000000000e+02 3.128399000000000000e+07
4.480000000000000000e+02 3.136131200000000000e+07
4.490000000000000000e+02 3.143706000000000000e+07
4.500000000000000000e+02 3.151075600000000000e+07
4.510000000000000000e+02 3.158910800000000000e+07
4.520000000000000000e+02 3.164298400000000000e+07
4.530000000000000000e+02 3.168438200000000000e+07
4.540000000000000000e+02 3.175464200000000000e+07
4.550000000000000000e+02 3.181566600000000000e+07
4.560000000000000000e+02 3.187816000000000000e+07
4.570000000000000000e+02 3.194440200000000000e+07
4.580000000000000000e+02 3.200818600000000000e+07
4.590000000000000000e+02 3.205865400000000000e+07
4.600000000000000000e+02 3.209224400000000000e+07
4.610000000000000000e+02 3.213958000000000000e+07
4.620000000000000000e+02 3.219145600000000000e+07
4.630000000000000000e+02 3.224627600000000000e+07
4.640000000000000000e+02 3.230385600000000000e+07
4.650000000000000000e+02 3.236237400000000000e+07
4.660000000000000000e+02 3.240713200000000000e+07
4.670000000000000000e+02 3.243676400000000000e+07
4.680000000000000000e+02 3.248670800000000000e+07
4.690000000000000000e+02 3.252766400000000000e+07
4.700000000000000000e+02 3.257238400000000000e+07
4.710000000000000000e+02 3.262007600000000000e+07
4.720000000000000000e+02 3.266757000000000000e+07
4.730000000000000000e+02 3.270123600000000000e+07
4.740000000000000000e+02 3.272356400000000000e+07
4.750000000000000000e+02 3.276012000000000000e+07
4.760000000000000000e+02 3.279416200000000000e+07
4.770000000000000000e+02 3.282964400000000000e+07
4.780000000000000000e+02 3.286808400000000000e+07
4.790000000000000000e+02 3.290906400000000000e+07
4.800000000000000000e+02 3.293811600000000000e+07
4.810000000000000000e+02 3.295482400000000000e+07
4.820000000000000000e+02 3.298403200000000000e+07
4.830000000000000000e+02 3.301189600000000000e+07
4.840000000000000000e+02 3.304068800000000000e+07
4.850000000000000000e+02 3.307030800000000000e+07
4.860000000000000000e+02 3.309931800000000000e+07
4.870000000000000000e+02 3.311763400000000000e+07
4.880000000000000000e+02 3.313178400000000000e+07
4.890000000000000000e+02 3.315741200000000000e+07
4.900000000000000000e+02 3.318025000000000000e+07
4.910000000000000000e+02 3.320363600000000000e+07
4.920000000000000000e+02 3.323138400000000000e+07
4.930000000000000000e+02 3.325340800000000000e+07
4.940000000000000000e+02 3.326496800000000000e+07
4.950000000000000000e+02 3.327240800000000000e+07
4.960000000000000000e+02 3.327791200000000000e+07
4.970000000000000000e+02 3.330048200000000000e+07
4.980000000000000000e+02 3.331734000000000000e+07
4.990000000000000000e+02 3.333681200000000000e+07
5.000000000000000000e+02 3.331281200000000000e+07
5.010000000000000000e+02 3.332326000000000000e+07
5.020000000000000000e+02 3.332941200000000000e+07
5.030000000000000000e+02 3.334886400000000000e+07
5.040000000000000000e+02 3.336305000000000000e+07
5.050000000000000000e+02 3.338371400000000000e+07
5.060000000000000000e+02 3.339951200000000000e+07
5.070000000000000000e+02 3.341634000000000000e+07
5.080000000000000000e+02 3.342462000000000000e+07
5.090000000000000000e+02 3.343140600000000000e+07
5.100000000000000000e+02 3.344652400000000000e+07
5.110000000000000000e+02 3.345839600000000000e+07
5.120000000000000000e+02 3.347280800000000000e+07
5.130000000000000000e+02 3.348499600000000000e+07
5.140000000000000000e+02 3.349769600000000000e+07
5.150000000000000000e+02 3.350527600000000000e+07
5.160000000000000000e+02 3.350933800000000000e+07
5.170000000000000000e+02 3.352518200000000000e+07
5.180000000000000000e+02 3.353794400000000000e+07
5.190000000000000000e+02 3.355197400000000000e+07
5.200000000000000000e+02 3.356666800000000000e+07
5.210000000000000000e+02 3.358163200000000000e+07
5.220000000000000000e+02 3.358842400000000000e+07
5.230000000000000000e+02 3.359251200000000000e+07
5.240000000000000000e+02 3.360805600000000000e+07
5.250000000000000000e+02 3.362378800000000000e+07
5.260000000000000000e+02 3.363976400000000000e+07
5.270000000000000000e+02 3.370472400000000000e+07
